# Jackpota Anniversary Gift Performance — 2026-07-07
# Before: 2026-06-23 → 2026-07-06 (14d)
# After:  2026-07-08 → 2026-07-21 (14d / 2 weeks)
224911869
248542631
238143947
203604497
150641758
37889354
137803255
190903529
306592781
97669158
58180697
338935996
25954084
157382703
73097276
361594671
215785600
268789513
291566001
333763988
147571181
386863570
427525836
431458472
157624557
424418064
346816838
15462845
161720505
358303865
304911221
426708584
417632312
323440732
264705848
433031734
373309366
101681893
322342355
304974885
233017265
160520404
75755940
379472145
412715479
68463644
441104952
94828498
21850351
399922821
347952410
415632778
262580370
333365396
320729476
244686634
23781377
300286239
266876825
392900578
234038830
272724052
239025382
341638948
342698054
95922723
45448935
411498424
134550509
85150532
160272322
157970038
253461540
262329001
75133140
65909818
221400488
237999319
295474590
180025635
147785701
274236591
223970230
301022700
231606623
277467539
311538505
71051032
297822200
380509972
279847673
157211260
394340457
138791604
422424758
218024220
389229864
319605149
255096044
134605869
