# Jackpota Anniversary batch 2 — unlocked only
224911869
248542631
238143947
203604497
150641758
37889354
137803255
190903529
97669158
58180697
338935996
25954084
157382703
361594671
215785600
291566001
333763988
147571181
386863570
424418064
346816838
161720505
426708584
417632312
323440732
433031734
373309366
304974885
233017265
160520404
379472145
412715479
68463644
441104952
94828498
399922821
415632778
262580370
333365396
23781377
300286239
266876825
392900578
239025382
341638948
95922723
411498424
134550509
85150532
160272322
157970038
253461540
262329001
65909818
237999319
295474590
180025635
274236591
223970230
231606623
277467539
311538505
71051032
297822200
380509972
279847673
157211260
394340457
138791604
422424758
389229864
319605149
255096044
134605869
